VU | RPS | p50 мс | p95 мс | p99 мс | ошибок/с | CPU сервера % ядра (макс) | RSS МБ
0 | 0.0 | N/A | N/A | N/A | 0.00 | 27.8 | 160.3
5 | 0.0 | 0 | 0 | 0 | 0.00 | 27.8 | 160.3
10 | 4.1 | 14 | 41 | 220 | 0.00 | 31.9 | 160.4
15 | 4.4 | 14 | 41 | 44 | 0.00 | 29.7 | 157.2
20 | 4.6 | 15 | 190 | 220 | 0.00 | 29.7 | 157.2
25 | 15.3 | 12 | 41 | 60 | 0.00 | 44.6 | 175.6
35 | 15.7 | 13 | 63 | 93 | 0.00 | 44.6 | 158.3
45 | 16.1 | 13 | 76 | 100 | 0.00 | 47.0 | 158.3
50 | 32.4 | 13 | 46 | 60 | 0.00 | 66.0 | 162.4
70 | 32.6 | 14 | 170 | 240 | 0.00 | 66.0 | 162.4
90 | 31.9 | 15 | 170 | 240 | 0.00 | 67.6 | 164.1
100 | 62.4 | 14 | 72 | 110 | 0.00 | 79.9 | 169.2
130 | 62.0 | 14 | 85 | 150 | 0.00 | 79.9 | 169.2
150 | 70.5 | 32 | 2000 | 3000 | 0.00 | 110.1 | 193.7
190 | 73.5 | 35 | 2000 | 3000 | 0.00 | 110.1 | 176.8
200 | 99.4 | 51 | 1800 | 2500 | 0.00 | 111.8 | 180.9
Итого запросов: 18083, ошибок: 0
